!!omap
- train_begin: 2018-03-21 16:49:50.009998
- train_end: 2018-03-21 16:51:50.095522
- epochs_done: 2
- exit_status: 0
